1:64,90,44,51,48,36
2:56,67,83,71,51,75
3:20,55,58,62,77,45
4:76,52,57,48,68,36
5:93,30,82,52,38,57
6:74,39,92,86,62,65
7:63,46,62,39,85,37
8:36,36,20,95,83,84
9:93,81,56,88,45,47
10:94,43,19,92,83,87
11:72,65,71,40,42,52
12:82,61,85,53,79,44
13:36,93,5,54,65,69
14:58,72,74,93,99,47
15:86,52,6,37,90,35
16:42,78,48,65,39,66
17:44,58,72,63,49,92
18:78,76,94,37,69,100
19:64,69,40,5,95,63
20:93,65,92,89,32,69
21:62,81,82,97,98,79
22:59,87,71,66,48,93
23:36,45,68,90,55,81
24:88,44,82,50,51,68
25:61,98,96,81,92,72
26:45,35,50,92,31,50
27:66,73,98,73,42,94
28:88,98,82,53,44,91
29:93,53,42,44,93,73
30:81,100,54,99,92,39
31:59,73,55,70,77,97
32:80,70,40,88,90,72
33:82,42,61,52,54,40
34:67,35,47,95,71,58
35:39,45,51,74,81,81
36:63,47,50,47,37,35
37:46,60,72,52,71,77
38:57,36,45,41,53,36
39:77,38,53,56,48,83
40:51,73,69,71,94,77
41:36,99,55,99,69,97
42:45,52,56,57,82,36
43:52,65,72,52,51,100
44:58,92,98,37,46,66
45:86,83,52,91,41,88
46:57,85,68,76,38,40
47:88,94,74,58,89,74
48:35,97,67,37,38,65
49:45,93,98,90,90,98
50:62,40,100,55,36,47
51:62,57,40,70,82,96
52:78,71,74,46,74,48
53:54,62,52,42,61,82
54:89,54,57,46,74,57
55:93,93,53,100,53,42
56:96,80,87,35,60,97
57:60,88,96,68,42,47
58:81,54,79,57,89,66
59:40,74,88,94,96,68
60:45,43,88,91,45,70
61:88,93,100,66,96,42
62:55,92,83,55,72,83
63:47,73,36,42,90,46
64:90,80,45,86,76,68
65:80,92,87,60,75,63
66:50,49,65,92,92,87
67:73,73,99,98,98,98
68:81,85,46,82,38,80
69:42,71,48,62,43,73
70:67,93,54,46,81,61
71:84,43,42,61,67,79
72:69,98,50,88,84,48
73:99,86,93,54,80,35
74:84,66,78,44,39,46
75:90,69,71,42,92,90
76:49,86,64,91,61,87
77:61,52,54,39,51,39
78:80,57,54,83,67,63
79:90,42,38,36,39,100
80:69,94,98,75,94,99
81:52,38,94,75,88,99
82:61,58,91,100,56,64
83:87,87,89,69,59,93
84:51,81,98,83,65,91
85:81,81,58,43,81,80
86:40,44,69,48,71,51
87:64,44,67,89,76,80
88:81,41,71,84,93,37
89:59,60,43,76,92,65
90:46,64,46,77,36,51
91:43,75,69,48,88,88
92:89,46,43,96,51,51
93:99,93,59,44,82,91
94:55,100,90,37,35,67
95:99,73,61,68,80,71
96:100,54,88,95,79,93
97:70,92,67,42,35,41
98:86,37,54,52,57,49
99:92,58,99,45,57,78
100:70,38,84,83,54,58
101:59,99,79,95,55,96
102:60,60,58,52,88,73
103:46,63,87,38,93,85
104:95,59,69,69,65,85
105:54,92,97,89,76,91
106:85,58,40,67,61,36
107:94,44,45,84,75,78
108:70,50,46,92,46,70
109:76,77,89,51,96,73
110:93,79,63,90,71,71
111:36,42,51,80,54,53
112:86,37,74,54,95,98
113:43,44,37,87,100,57
114:69,64,80,35,72,97
115:65,62,70,80,71,67
116:85,88,88,42,91,38
117:68,99,90,72,59,87
118:72,67,59,42,81,79
119:55,91,70,94,80,75
120:70,56,54,88,82,79
121:96,83,50,65,80,98
122:90,57,56,79,87,64
123:50,56,48,81,40,51
124:99,60,89,35,81,42
125:42,72,56,50,85,54
126:86,59,46,83,90,50
127:86,99,84,89,65,43
128:78,44,57,97,72,67
129:90,83,89,36,60,95
130:78,40,100,88,73,68
131:64,36,43,81,85,100
132:72,54,42,66,76,50
133:47,90,80,48,78,40
134:89,79,80,52,61,41
135:47,73,98,71,69,58
136:90,36,90,70,66,54
137:91,96,68,52,82,65
138:83,35,36,55,97,65
139:49,47,100,61,78,91
140:47,81,93,80,45,37
141:90,36,58,85,72,70
142:45,56,51,84,71,72
143:73,55,44,55,83,81
144:37,98,35,66,88,82
145:87,67,78,98,73,98
146:50,55,43,37,69,61
147:48,59,82,61,47,41
148:74,36,94,62,53,51
149:44,58,67,95,59,36
150:66,62,43,86,71,37
151:53,43,54,83,43,47
152:59,98,73,85,66,45
153:56,57,84,98,87,63
154:91,41,69,74,100,36
155:83,40,78,66,46,58
156:52,36,56,61,76,36
157:82,57,57,40,73,81
158:40,38,83,43,70,63
159:84,47,86,51,82,62
160:86,66,91,62,66,93
161:36,86,74,71,91,91
162:47,46,80,51,68,59
163:41,66,50,86,60,76
164:42,98,80,96,61,100
165:38,64,37,56,65,57
166:45,59,73,37,53,75
167:90,48,64,48,83,36
168:81,36,76,72,48,87
169:98,65,91,57,96,70
170:94,66,43,82,39,35
171:77,97,61,43,55,48
172:79,63,90,94,92,40
173:46,74,67,44,88,93
174:36,81,71,52,76,49
175:86,82,94,86,42,87
176:40,47,43,92,82,36
177:50,41,87,65,40,96
178:66,76,36,67,71,48
179:93,45,75,49,55,93
180:95,40,54,43,91,100
181:69,85,82,79,93,71
182:55,71,91,98,45,97
183:48,62,55,78,54,97
184:69,55,45,94,42,96
185:97,67,38,49,60,88
186:91,70,82,62,55,56
187:76,78,76,59,42,44
188:52,91,96,60,67,82
189:38,59,59,73,85,56
190:58,47,76,69,57,54
191:62,60,47,90,71,69
192:69,80,84,94,86,80
193:37,92,98,72,36,78
194:49,65,56,43,86,92
195:51,82,93,83,93,81
196:77,89,64,70,68,54
197:43,81,52,53,37,83
198:71,50,86,69,73,50
199:63,76,88,52,42,63
200:68,68,56,73,99,58
201:73,53,92,64,60,57
202:60,80,86,38,93,75
203:67,65,95,37,59,36
204:52,56,40,47,66,37
205:89,55,88,48,98,58
206:92,36,95,65,60,44
207:90,37,67,93,47,60
208:47,90,75,99,90,62
209:98,55,72,39,52,53
210:74,40,60,46,77,61
211:96,93,76,83,76,54
212:73,85,75,50,68,76
213:78,70,68,61,41,39
214:81,49,65,72,49,69
215:44,53,73,84,91,56
216:91,93,36,93,59,76
217:38,83,54,49,77,41
218:95,79,95,73,61,78
219:55,83,65,77,47,50
220:57,86,91,64,78,45
221:73,98,98,58,38,54
222:79,55,48,75,64,66
223:35,73,63,80,82,81
224:39,99,99,35,50,56
225:80,44,79,81,93,65
226:99,52,43,64,78,79
227:37,74,63,50,96,52
228:100,37,46,54,43,43
229:98,48,73,53,71,80
230:62,41,81,100,35,74
231:76,58,35,64,87,96
232:66,72,53,37,77,88
233:95,61,37,93,63,98
234:94,52,99,43,36,76
235:72,43,78,70,56,59
236:91,72,51,72,92,87
237:85,91,42,52,54,90
238:68,82,85,49,51,61
239:76,45,95,60,46,50
240:69,40,67,43,94,50
241:89,47,94,37,98,97
242:49,65,58,41,60,95
243:49,76,97,89,71,60
244:64,75,43,54,65,90
245:93,92,54,43,76,49
246:73,86,100,57,51,83
247:49,58,96,83,89,41
248:59,53,89,65,74,40
249:57,71,59,60,44,50
250:99,99,67,36,78,98
251:73,87,44,48,83,72
252:85,83,39,84,83,68
253:66,45,69,55,70,53
254:90,36,94,90,89,54
255:92,93,37,36,56,94
256:69,87,72,61,80,48
257:38,94,72,80,44,37
258:39,73,75,67,95,74
259:72,98,62,60,83,90
260:98,45,77,67,82,54
261:43,60,74,40,45,61
262:48,84,75,63,88,92
263:91,96,58,92,57,79
264:60,49,91,55,57,42
265:76,70,51,53,36,74
266:71,70,35,91,75,97
267:65,88,63,76,84,77
268:94,78,72,80,87,77
269:41,55,50,41,83,100
270:35,65,46,64,57,83
271:81,84,86,38,100,52
272:100,54,44,96,74,61
273:61,86,54,66,63,69
274:87,50,73,77,48,56
275:71,91,50,75,61,68
276:66,85,40,55,62,55
277:76,81,45,39,98,96
278:36,66,50,61,58,39
279:46,89,51,75,86,75
280:89,38,77,97,93,68
281:78,58,94,43,56,81
282:93,97,61,56,44,93
283:99,93,46,37,57,75
284:52,69,49,97,88,37
285:56,77,44,83,65,38
286:87,35,71,37,60,64
287:35,53,82,93,61,35
288:65,65,85,88,40,73
289:77,76,98,74,64,49
290:59,44,37,88,96,70
291:51,91,49,85,71,35
292:48,40,66,76,82,97
293:78,75,38,99,38,38
294:50,77,58,92,57,95
295:56,71,66,77,38,46
296:43,95,90,62,55,64
297:78,82,66,46,91,87
298:85,79,46,68,65,94
299:43,80,56,81,37,54
300:72,87,75,63,46,65
301:47,100,85,77,63,87
302:80,53,74,37,73,74
303:62,100,35,80,95,60
304:59,99,100,92,94,86
305:86,83,48,85,87,88
306:89,90,83,86,52,67
307:73,53,64,53,40,100
308:77,66,72,59,61,80
309:46,71,95,47,71,65
310:77,85,66,43,76,41
311:79,86,84,67,82,63
312:92,77,71,49,66,92
313:80,46,78,36,90,76
314:42,50,75,38,45,87
315:54,65,92,40,92,64
316:88,98,83,87,44,89
317:52,67,92,56,62,79
318:46,36,38,72,35,44
319:42,54,85,40,79,63
320:49,66,52,45,56,53
321:97,62,90,38,60,92
322:44,65,38,50,53,62
323:73,94,78,55,57,63
324:66,72,75,88,58,54
325:74,52,96,94,89,78
326:47,36,78,51,39,70
327:61,41,89,45,58,89
328:50,68,93,57,98,95
329:36,48,66,38,59,55
330:72,39,72,51,53,83
331:93,78,97,95,95,52
332:90,98,53,87,49,97
333:96,100,78,98,39,75
334:96,100,62,87,72,93
335:42,77,95,80,43,61
336:45,90,38,93,60,35
337:63,70,48,59,40,78
338:78,67,68,35,43,46
339:67,67,56,71,71,37
340:37,78,88,42,72,79
341:94,53,71,86,40,89
342:60,35,76,77,40,58
343:69,45,56,97,39,68
344:73,76,55,66,85,66
345:60,55,95,91,63,51
346:50,100,45,68,39,38
347:91,59,89,84,99,38
348:62,55,93,78,62,75
349:52,94,92,79,69,80
350:39,72,74,85,73,75
351:73,92,50,36,94,96
352:60,89,55,92,94,71
353:85,96,56,55,75,93
354:49,40,46,88,74,93
355:46,71,85,54,95,84
356:43,87,77,93,91,86
357:51,99,35,80,81,95
358:99,98,58,74,47,60
359:82,93,55,38,71,58
360:63,51,96,43,96,95
361:38,55,42,78,75,68
362:77,87,55,73,98,76
363:90,66,69,98,56,98
364:61,51,89,70,85,70
365:99,90,99,41,87,64
366:67,45,79,37,88,50
367:45,80,55,86,87,80
368:70,75,49,84,67,55
369:49,94,46,81,77,60
370:35,87,37,43,82,72
371:36,99,39,89,92,74
372:55,71,82,88,43,64
373:56,98,99,43,86,86
374:37,43,97,78,36,100
375:50,46,93,72,80,65
376:86,82,50,37,94,50
377:51,89,90,78,98,85
378:48,73,87,46,84,61
379:49,100,35,98,90,65
380:82,67,84,99,70,46
381:85,74,61,88,74,85
382:42,44,41,74,55,91
383:36,63,98,39,74,50
384:67,71,76,51,89,51
385:61,36,82,98,78,53
386:38,93,64,62,56,47
387:38,38,46,70,86,77
388:59,72,66,47,44,100
389:48,77,47,73,61,56
390:100,45,83,36,97,92
391:47,48,82,52,56,48
392:35,44,81,37,88,69
393:58,95,87,84,65,42
394:83,100,78,41,90,86
395:81,87,75,38,86,81
396:78,44,98,42,76,96
397:86,81,38,82,68,80
398:98,47,76,36,93,85
399:86,70,78,80,63,87
400:91,39,83,70,44,66
401:64,38,98,88,74,78
402:83,89,70,92,98,43
403:100,41,92,66,90,41
404:67,61,82,79,49,55
405:61,45,38,81,68,40
406:93,73,72,89,38,47
407:49,71,93,57,63,50
408:83,87,46,66,100,50
409:99,83,57,96,67,37
410:71,45,68,48,89,39
411:70,50,56,53,100,64
412:76,77,94,52,61,88
413:90,59,82,92,64,38
414:58,68,59,45,99,43
415:42,99,48,94,89,90
416:88,41,86,64,53,84
417:40,85,50,64,73,95
418:77,75,49,39,69,74
419:48,68,82,82,65,36
420:74,72,88,70,95,94
421:39,59,91,67,82,97
422:57,84,54,85,49,39
423:35,49,50,95,55,92
424:49,46,69,86,73,86
425:42,56,61,61,78,74
426:42,96,92,76,52,91
427:61,67,73,89,88,74
428:44,64,98,93,41,78
429:50,41,83,59,100,90
430:52,99,92,71,93,84
431:63,86,44,64,94,48
432:64,98,67,53,62,48
433:48,83,76,64,60,84
434:78,63,50,95,60,68
435:41,95,72,92,95,67
436:49,62,53,54,53,75
437:100,44,98,76,80,39
438:49,51,68,73,38,64
439:74,100,100,58,55,91
440:84,62,88,99,97,58
441:43,42,98,63,54,82
442:38,63,40,44,64,80
443:51,61,69,45,88,86
444:44,57,94,67,52,94
445:70,45,46,94,67,62
446:77,96,100,81,73,50
447:63,75,74,50,60,80
448:78,64,92,96,46,79
449:63,66,45,98,85,62
450:66,51,60,92,55,39
451:61,59,75,64,87,72
452:37,74,50,90,90,84
453:77,97,38,93,53,60
454:57,66,75,65,80,94
455:59,63,55,97,73,68
456:82,79,57,85,78,83
457:37,95,37,68,82,82
458:73,45,96,69,100,78
459:91,89,86,65,88,45
460:69,77,42,99,100,45
461:37,72,73,98,67,44
462:57,69,51,58,38,39
463:69,57,82,42,67,36
464:80,85,100,77,50,54
465:43,71,36,60,84,40
466:79,59,93,89,56,65
467:93,49,35,76,54,61
468:82,83,74,57,71,47
469:66,89,94,50,89,98
470:60,59,49,49,78,88
471:72,72,35,43,57,81
472:70,70,99,77,96,52
473:75,58,88,52,48,80
474:82,95,70,53,67,70
475:44,41,55,57,83,35
476:45,86,46,71,42,35
477:61,45,48,54,35,39
478:98,41,80,40,67,97
479:38,78,88,61,49,77
480:99,79,84,99,99,69
481:84,68,97,70,49,48
482:36,53,44,97,90,53
483:86,39,71,35,97,54
484:48,65,89,42,58,36
485:71,61,67,100,76,83
486:78,73,47,54,81,42
487:61,37,65,51,86,35
488:84,93,51,60,41,99
489:37,69,92,57,53,36
490:46,49,54,50,100,94
491:92,99,55,99,73,37
492:57,96,49,81,52,85
493:69,82,51,94,83,55
494:66,97,71,54,87,60
495:87,36,42,47,83,48
496:74,88,73,37,86,38
497:83,65,97,54,100,40
498:92,90,41,69,75,39
499:66,83,58,38,43,70
500:99,50,95,91,81,83
